19200 239 173 0
19350 239 172 0
19684 239 165 0
19684 239 168 0
19693 239 166 0
19702 239 167 0
19863 239 170 0
19955 239 174 0
20023 239 164 0
20153 239 146 0
20164 239 155 0
20165 239 149 0
20169 239 154 0
20169 239 147 0
20171 239 152 0
20176 239 151 0
20176 239 150 0
20191 239 148 0
20203 239 153 0
20292 239 169 0
20294 239 132 0
20296 239 133 0
20409 239 171 0
20430 239 161 0
20431 239 160 0
20442 239 162 0
20444 239 163 0
20736 239 135 0
20754 239 134 0
20895 239 158 0
20895 239 156 0
20910 239 157 0
20915 239 159 0
20915 239 145 0
20984 239 175 0
21162 239 129 0
21217 239 131 0
21231 239 130 0
21412 239 136 0
21420 239 137 0
21426 239 138 0
21595 239 142 0
21597 239 141 0
21611 239 144 0
21622 239 143 0
21824 231 179 0
21841 230 179 0
22555 239 140 0
22643 239 125 0
24142 229 179 0
24450 228 179 0
24714 233 179 0
24944 232 179 0
25689 239 41 0
25938 239 122 0
26538 239 124 0
26544 239 55 0
26556 239 58 0
26564 239 59 0
26585 239 57 0
26637 239 54 0
26660 239 56 0
27970 227 179 0
28027 235 179 0
28093 234 179 0
28434 225 179 0
28586 226 179 0
29086 3 100 0
29114 239 123 0
29136 215 179 0
29169 211 179 0
29201 216 179 0
29205 212 179 0
29214 210 179 0
29248 214 179 0
29281 213 179 0
29618 236 179 0
29818 239 126 0
29899 1 88 0
29915 239 62 0
30266 217 179 0
30332 238 179 0
30388 196 179 0
30398 199 179 0
30401 218 179 0
30402 204 179 0
30404 208 179 0
30420 200 179 0
30421 195 179 0
30425 2 94 0
30427 203 179 0
30435 219 179 0
30436 197 179 0
30441 206 179 0
30460 202 179 0
30461 209 179 0
30465 201 179 0
30468 207 179 0
30471 198 179 0
30475 205 179 0
30591 221 179 0
30626 222 179 0
30663 194 179 0
30669 193 179 0
30694 223 179 0
30699 220 179 0
30775 224 179 0
30824 2 95 0
30926 149 179 0
30959 150 179 0
30967 152 179 0
30968 151 179 0
31025 146 179 0
31028 145 179 0
31051 148 179 0
31076 147 179 0
31095 144 179 0
31118 125 162 0
31129 3 99 0
31532 126 160 0
31729 125 163 0
31758 126 159 0
32093 124 167 0
32237 2 93 0
32315 4 100 0
32420 1 89 0
32838 127 156 0
33026 3 101 0
33070 128 154 0
33263 1 87 0
33456 237 179 0
33718 124 166 0
33790 129 179 0
33924 4 106 0
34020 128 153 0
34181 124 163 0
34419 125 164 0
34514 123 167 0
34526 142 179 0
34530 141 179 0
34538 127 179 0
34573 143 179 0
34619 126 158 0
34770 126 179 0
34847 127 157 0
35230 239 178 0
35230 124 168 0
35320 127 155 0
35758 4 107 0
35951 123 168 0
36128 126 157 0
36206 3 95 0
36362 129 151 0
36474 126 161 0
36628 125 159 0
36712 122 172 0
36965 124 165 0
37108 5 107 0
37137 128 152 0
37368 124 164 0
37410 2 96 0
37554 5 111 0
38002 125 160 0
38180 3 94 0
38211 125 161 0
38479 4 105 0
38576 129 150 0
38601 123 172 0
38702 124 169 0
39256 127 154 0
39273 3 96 0
39561 127 158 0
39630 3 98 0
39694 38 111 0
39864 123 171 0
40020 196 138 1
40038 4 101 0
40132 5 112 0
40180 127 153 0
40320 130 148 0
40390 37 110 0
40443 239 139 0
40479 125 165 0
40480 129 149 0
40961 123 169 0
41192 130 149 0
41301 122 173 0
41826 37 111 0
42169 124 179 0
42221 64 141 0
43038 2 92 0
43051 38 112 0
43275 38 113 0
43308 73 149 0
43507 125 179 0
43603 130 179 0
43658 128 179 0
43658 130 147 0
43866 214 98 0
43869 3 97 0
43873 239 127 0
43946 136 179 0
43955 38 114 0
43963 132 179 0
43987 131 179 0
44025 135 179 0
44027 134 179 0
44061 133 179 0
44166 193 112 0
44297 203 117 0
44427 62 139 0
44654 63 140 0
44732 5 108 0
44780 65 142 0
44810 193 111 0
45259 6 112 0
45670 4 108 0
46354 63 141 0
46505 195 138 1
46610 194 113 0
46841 195 139 1
46877 239 179 1
46969 196 114 0
47008 1 90 0
47264 66 143 0
47319 208 99 1
47408 72 148 0
47424 224 106 1
47459 64 142 0
47597 62 140 0
47644 239 178 1
47740 224 72 1
47838 37 109 0
47878 195 113 0
48171 198 115 0
48272 228 73 1
48333 195 114 0
48456 199 126 1
48472 227 107 1
48476 225 72 1
48514 225 106 1
48554 226 107 1
48648 209 100 1
48684 2 89 0
48699 196 113 0
48870 210 100 1
48952 226 72 1
48964 209 99 1
48983 193 113 0
49000 192 111 0
49033 6 117 0
49081 200 122 1
49088 196 135 1
49300 36 110 0
49466 6 115 0
49603 200 123 1
49627 36 109 0
49863 73 150 0
49886 196 139 1
49910 195 140 1
49912 61 138 0
50009 3 100 0
50132 195 141 1
50180 198 129 1
50397 214 99 0
50703 239 177 1
50818 197 132 1
50928 200 119 1
51050 239 178 1
51090 5 110 0
51113 121 175 0
51190 239 57 1
51196 239 58 1
51208 239 62 1
51210 239 59 1
51361 198 128 1
51457 239 56 1
51478 239 54 1
51501 239 55 1
51510 195 137 1
51523 194 141 1
51535 3 102 0
51749 237 179 1
51819 197 133 1
51823 174 86 1
51988 123 173 0
51995 200 118 1
52033 239 179 1
52192 196 134 1
52243 6 116 0
52274 195 138 1
52452 123 170 0
52471 238 179 1
52635 197 131 1
52823 194 142 1
52860 121 176 0
52874 236 179 1
53017 122 174 0
53121 191 110 0
53203 131 146 0
53242 173 81 1
53370 123 166 0
53372 195 139 1
53468 200 121 1
53492 2 97 0
53542 124 162 0
53574 5 109 0
53643 199 125 1
53743 124 170 0
53777 121 174 0
53845 122 171 0
53914 197 135 1
54041 60 137 0
54115 64 140 0
54151 194 106 0
54321 198 126 1
54343 72 149 0
54373 200 120 1
54374 1 89 0
54379 174 85 1
54385 1 88 0
54390 2 88 0
54539 198 130 1
54559 196 135 1
54622 5 113 0
54665 213 98 0
54671 126 156 0
54704 194 140 1
54727 199 127 1
54853 175 86 1
54874 192 110 0
54925 196 136 1
54950 61 139 0
54991 196 137 1
55024 128 151 0
55025 199 122 1
55118 90 135 0
55139 131 145 0
55184 201 119 1
55240 174 87 1
55255 198 127 1
55280 6 113 0
55310 2 100 0
55335 2 95 0
55382 124 171 0
55398 129 148 0
55402 193 105 0
55424 122 175 0
55450 2 90 0
55454 130 146 0
55541 132 143 0
55554 162 49 1
55581 58 41 0
55631 199 123 1
55692 213 99 0
55738 199 126 1
55766 133 143 0
55814 132 144 0
55896 58 42 0
55924 125 166 0
55937 162 48 1
55955 161 85 1
56015 161 84 1
56041 5 114 0
56078 200 126 1
56165 162 69 1
56186 174 84 1
56190 2 99 0
56190 174 83 1
56211 172 92 1
56231 197 132 1
56326 201 122 1
56327 239 179 0
56434 170 93 0
56441 199 124 1
56477 214 97 0
56483 4 109 0
56489 197 134 1
56491 0 89 0
56555 161 49 1
56577 120 177 0
56661 200 124 1
56686 198 132 1
56744 175 85 1
56793 6 114 0
56881 190 34 0
56905 10 152 1
56908 200 122 1
56910 2 91 0
56931 196 133 1
56932 195 142 1
56948 198 129 1
56957 201 120 1
56961 133 142 0
56964 199 128 1
56999 161 48 1
57033 128 155 0
57045 121 177 0
57087 60 138 0
57229 192 112 0
57258 169 93 0
57303 175 84 1
57349 123 174 0
57405 239 175 1
57423 65 141 0
57490 199 55 1
57546 162 85 1
57591 125 158 0
57611 73 144 0
57613 239 123 1
57617 195 138 1
57622 65 143 0
57629 190 36 0
57693 194 105 0
57721 239 171 1
57724 239 169 1
57738 175 83 1
57754 11 151 1
57792 162 86 1
